
-485.319113
465.410735
44.269539
338.206467
-169.019697
-221.752654
343.158541
171.405799
129.727162
401.059308
-141.331221
-89.983168
268.329394
-161.571309
439.701151
-325.527914
-163.708921
-457.225432
358.816069
-222.514061
-461.318870
20.841151
-124.431348
-131.639419
158.183580
455.733269
357.495460
6.662050
-272.901601
218.889224
305.960365
-342.549002
109.289454
-273.090645
459.997023
167.279954
129.106430
427.378626
-214.427539
-303.834232
-391.895795
-512.445741
-35.899220
45.868259
468.681537
357.524770
-203.502255
-479.469756
-506.060540
-171.249655
411.955757
159.428219
339.774439
-122.023533
-25.733081
-368.828310
192.430852
-402.214872
164.625428
-484.753147
-416.924646
46.527151
-326.044381
401.657016
97.905629
-495.667149
-158.110102
-99.532955
281.371490
-251.767860
190.043760
41.808391
-500.999669
82.231951
-303.044370
395.073831
339.400939
456.482073
-440.294444
-199.966828
-51.571408
-15.288577
-380.659144
136.380871
153.199792
-177.805726
-63.462918
128.058854
-509.781373
-426.539541
316.281941
-373.828766
398.695176
-385.733959
10.700986
-367.298893
-314.480054
-445.796595
173.308653
-314.050418
-311.847246
-448.410962
-233.399153
-445.335193
202.134641
-303.011735
268.004083
-27.060678
-72.337787
53.694031
-401.103940
277.692578
266.894012
243.498905
-379.522596
-556.885710
-220.117231
-199.255352
282.296220
330.990902
-384.636252
106.167311
31.810880
175.220043
378.522810
-100.971616
-78.165495
-584.925612
318.499244
36.598172
354.103402
-463.607449
-220.002552
-493.859254
-260.548108
-357.886243
224.582502
-371.606775
-192.431306
77.174447
211.303003
-207.167773
76.486868
238.663791
-103.347555
271.305858
-381.683026
-113.983587
-409.308890
-408.906452
-300.048543
-117.720550
161.081390
-451.970647
-329.679909
363.206662
12.142665
319.177748
-492.451958
171.209501
-335.911847
258.710681
251.219795
-475.705517
-294.681974
-500.862332
283.434718
-430.697150
-162.362553
-595.946171
419.585254
408.402621
317.002756
235.512109
39.716009
-582.426005
67.760943
-566.516011
-420.056040
141.087259
-171.859096
-455.517341
-398.544478
211.967549
-48.106783
-229.981574
242.339505
250.595099
52.524710
-344.939491
346.695555
-485.345506
-48.755601
130.502885
-317.700977
-452.016015
74.904665
235.189261
-464.927576
-142.567204
-501.100615
-420.887151
-272.744020
302.287572
-485.273915
-5.527684
243.756467
336.054405
1.339398
-603.802408
-70.679945
2.868882
1.680018
249.997740
386.022483
106.886466
106.463697
-30.021124
300.720452
-77.749784
123.319746
-388.173589
242.962443
-220.670099
-584.109118
-165.688629
-616.701046
-385.738840
119.039807
340.974085
-538.457230
-402.438280
-597.762260
159.862160
-596.647447
-418.172637
378.973280
197.645948
-183.337386
381.486340
-218.504367
45.415858
12.583417
313.730367
-494.483133
-206.558251
175.358614
-426.404535
230.519524
67.499094
71.084870
-301.016000
-450.497875
-215.315404
-242.169153
180.284113
99.486838
-580.568034
-489.642454
-140.251430
285.813739
-293.253676
-451.709528
217.472306
141.602625
-405.141324
147.352261
367.440535
-214.828068
136.502831
-262.880107
-165.666888
-99.929275
-423.736565
-502.083747
308.390389
-46.271234
-554.821740
-111.844747
-139.624497
-165.649851
-379.899470
326.332872
-250.073714
50.740389
-328.503671
-4.679851
-438.612188
-491.967161
176.061345
-322.388295
-584.249910
-76.395508
293.203865
-598.372663
141.543333
201.996351
-643.489297
-35.263402
290.542161
-436.572743
-481.660150
-317.575058
-45.113286
-27.387102
-612.607897
-240.228919
-570.029056
-34.529497
-411.504813
-125.525863
-574.315719
-59.935478
3.818650
100.968745
-177.234025
-516.426429
185.908352
235.498188
-593.634201
-409.909928
-285.738599
-646.854615
129.472743
-574.745344
-635.280427
-502.740574
249.010986
153.031056
-205.166121
-80.534550
-45.763531
-116.793739
-379.570742
-463.671539
-138.670111
-248.786134
-530.943741
-84.743106
-128.860673
14.767018
196.873320
-353.329784
-574.303548
-150.589222
250.533357
-96.523333
-599.644394
-99.928081
-181.211802
-622.641170
-182.352842
-373.296093
315.571696
-57.333885
-493.872601
-452.638679
49.386161
-367.723122
-500.990885
233.721335
-397.170540
-273.717249
-674.442593
205.940438
-656.160601
256.343708
198.374418
-200.846400
28.112595
-491.769633
-115.324310
-333.567341
-282.728131
-158.475636
-256.897713
-346.536199
-605.215492
-689.375780
-600.000348
-503.281177
-621.344668
182.414643
-574.593037
69.217247
233.153730
170.953076
-664.729343
89.177701
-666.426285
86.838461
207.252281
-299.799669
-332.355212
-617.060039
-712.584395
-139.340945
-492.330669
-3.778167
229.404645
-339.859590
112.171566
-676.526611
220.457859
-662.231136
-258.464134
-284.699763
-460.435037
185.001640
227.174760
-463.430351
-639.872012
-377.507267
253.794644
-452.376160
11.993274
-599.861203
130.702990
-466.520225
207.736869
-68.042372
-302.301197
85.741216
-311.335755
117.566134
163.125424
-399.266390
-89.758701
154.067592
172.177855
185.995937
-289.005465
37.645123
-120.907823
-217.441947
98.501739
-163.581733
-219.181075
-727.059731
92.403076
-135.123824
-433.198005
104.179000
-98.762810
121.146776
-316.421579
-255.597571
-519.490900
-524.946072
130.343825
-634.600202
-506.972690
-138.879553
227.080730
-658.686114
-536.792806
-740.233393
-288.324390
19.208318
-305.024813
-625.437863
-422.822741
193.215132
230.670876
-708.212081
-728.297139
58.226565
26.953935
183.219210
-9.506147
257.820593
248.383913
-278.315100
-350.051868
-595.869886
-109.979190
-519.725406
-117.708581
-628.917552
263.646692
-494.649491
-596.035081
-614.859287
-355.972842
202.875149
-97.038757
-275.036613
-154.432101
-432.357288
-312.172216
-243.548145
-576.414238
-482.214179
178.324978
-588.003328
-479.430108
-658.781753
-705.805996
29.591864
207.145952
-495.894820
-158.002900
84.798270
87.045248
-574.041609
-220.066455
-246.732593
-536.509009
-375.439936
195.219334
94.923619
109.999020
-535.071503
-249.612320
170.428838
-415.979052
-450.537334
-738.402010
-689.640325
-616.015547
-608.646413
-174.589825
-761.982267
233.183786
63.241735
-667.327077
-251.956914
-587.202856
38.165922
-589.408800
-662.667605
-337.541560
-359.944628
-477.171423
-443.112713
189.048398
-633.527499
-189.981941
-392.591200
-247.710108
-56.513134
-443.156611
166.365580
114.717783
-585.562101
126.839353
-508.881689
-609.511475
100.715028
-261.501273
-645.910312
-608.620349
7.262326
141.336483
-295.128598
-148.550828
-490.195975
-463.865482
-722.871576
-423.752830
0.050512
37.274253
-670.717749
-319.976774
-631.603524
-32.479476
-230.005817
-167.185248
85.321315
-747.477664
-189.978368
59.081496
-659.972634
-761.304673
-169.807702
-768.533060
-774.459296
-3.501130
-762.143486
-75.140174
-66.769171
-565.708814
-113.004327
-655.374184
-174.332242
-640.013689
-218.232396
145.094360
-243.228517
-534.352259
-548.034310
-474.092514
-136.545857
-426.414562
117.448396
-258.567212
90.866305
-301.522982
-787.797241
-775.195493
126.082622
-242.649797
-600.328606
-696.834365
-800.654359
29.504823
195.120706
-491.376298
-745.680689
21.927048
-790.054808
-229.703498
-190.527992
-289.840969
-240.389628
-117.353690
-188.771217
-492.365089
-126.463790
-591.880404
-214.082336
81.713563
-396.907747
-702.815816
-317.781159
-403.965343
-287.078600
31.771763
-231.581922
-362.386710
5.683060
1.680406
-263.878309
-426.544099
-702.491143
-111.109891
-46.286833
-646.765023
-535.591895
-336.001624
-619.129645
-301.852631
-812.477439
109.779546
77.634926
-584.092126
-822.336538
-432.803707
-88.540381
-29.018471
7.057164
-345.857361
-440.618368
-835.689264
-212.776639
-166.173942
-0.608150
-780.175059
-817.975358
-38.230694
89.861422
-423.172754
-152.668953
11.823005
-209.967543
124.488444
-412.391400
-550.069630
140.091865
-58.957696
-371.804317
-556.688438
-204.515754
-49.710844
72.067992
-335.263236
-307.662664
-632.000563
-262.637053
-606.430036
-440.829739
-18.214583
38.398161
-96.469984
-661.716467
-283.495135
-214.438887
-815.075543
-710.180064
-228.367503
-747.875147
-796.778534
-48.230618
-119.176542
-420.742692
-501.357780
145.796683
-190.988576
-17.377354
-178.191176
-713.276272
-166.838930
-468.695652
-723.559765
-616.149793
-162.478685
87.948655
-584.251407
-21.068071
-93.588949
-492.286325
-194.605855
-217.239741
-546.279768
-750.089725
-727.488405
-445.644425
-858.337232
76.782147
-792.481884
-31.935278
-477.619763
-222.551549
-423.611569
-112.199535
-86.067736
-334.914421
-555.790140
-359.703038
-729.917403
-576.182061
-865.036901
-438.015753
-169.378932
-669.860061
114.761159
1.869563
-707.444192
53.948860
-717.194851
-764.663775
-828.122080
-326.685546
-379.310587
37.878689
-774.924802
-667.120146
-532.525415
-682.417288
-325.212818
-442.848748
-495.555551
-224.598571
-11.696573
48.181359
-463.860514
-608.779750
-490.910655
-864.834372
-373.294555
-168.164913
-287.343557
-72.600347
-419.908468
-23.015883
-848.570617
-842.575245
-172.839609
-855.650956
-6.122020
-262.064566
-245.330823
-747.766492
-453.704410
-612.317451
-316.874665
35.548877
-216.492598
24.923249
-77.706007
21.601297
-318.586554
-427.567795
-678.658838
-289.096875
-364.937709
-489.317754
-126.683373
-208.063066
-458.162168
-188.830860
-654.852685
-139.746296
-136.343409
-490.500835
-763.106553
103.974785
-717.383004
-820.435992
-483.348040
-171.559454
-716.537901
-564.723084
-329.951292
-387.975552
-286.518291
-230.787376
-813.113947
-127.799994
-586.152412
-566.985503
-228.028432
82.889653
36.880019
-85.454908
-66.718240
-51.658358
72.258088
-862.634799
-485.561980
-221.174089
45.966630
-61.324567
-294.279824
-134.489484
-707.997611
-866.792788
-337.952476
-457.896343
-15.244777
-845.615110
-775.127744
-238.513605
-181.610670
-9.623868
-508.980961
-58.689410
-582.735565
-154.211352
-840.598652
-574.674123
-512.920489
-50.861529
-789.989534
-849.099904
-58.208259
-131.741622
-497.958054
-655.981299
-820.990386
-341.299591
-865.696925
-757.934882
-300.685444
-362.449939
-733.966483
-165.060777
-779.156753
-428.232003
-618.548155
-722.183227
-606.577045
-684.386777
-668.667931
-42.334648
-369.374772
-286.891044
-163.136167
78.157407
-587.305998
-712.696025
-726.314091
-622.436666
-938.760334
-575.919951
-271.385924
-364.032371
-265.371484
-87.683561
-736.463585
9.275941
28.057758
-431.583850
48.215152
-67.378722
-549.154896
-240.575534
-486.780873
10.482471
-793.155554
-901.054729
10.576559
-494.830777
-252.331325
-325.038697
-834.929050
-368.627155
-652.219432
-413.406492
-166.744836
-938.676834
-743.342668
-100.188289
-283.108023
-512.837698
-250.216761
-129.234797
-593.578696
-221.075313
-65.633008
-246.268817
10.015647
-872.389569
-853.023246
-674.952195
-550.707595
-506.692810
-427.353230
-561.969341
50.925834
-243.111857
-601.665146
-640.526921
-640.250963
-851.900011
-641.576842
-366.828798
-156.923504
-699.032656
-655.453966
-23.528877
-611.348869
-179.108111
-829.684217
-108.491612
-900.483952
10.567528
-29.475811
-314.330760
-190.146586
-174.077947
-381.544227
-298.189027
-280.683640
-307.438604
-223.018434
-976.090116
-522.093379
-143.713605
-949.225984
-299.403994
-590.671048
-736.111245
34.042780
-238.022461
-659.195225
-931.516540
-707.391422
-103.190944
-63.775113
-441.958126
-190.228643
-475.029767
-274.367900
-809.431655
-52.967319
-563.066037
-800.570938
-855.612531
-930.766011
-888.942029
-893.280985
-40.877987
-48.214864
-308.689725
-793.921576
-56.565652
-3.405369
-197.435633
-554.913817
-191.361115
-313.946212
-330.128163
-60.791202
-39.851067
-536.250427
-530.322637
-857.174836
-250.042077
-926.063045
-598.937650
-156.219680
-389.311667
-408.685325
-718.573103
3.432846
-209.339626
-648.483840
-922.219376
-973.944705
-879.041743
-833.841083
-573.955651
-263.440621
-1005.174606
-295.680026
-586.296141
-521.240608
-827.908451
-903.789543
-219.004614
-126.731237
-266.809758
-817.005117
-547.602472
-211.312387
-283.310090
-627.741234
-254.583701
-96.647091
-537.121652
-186.604091
-457.020628
-392.946582
